3700217352066
3700217345402
3700217340421
3700217332471
3700217332464
3700217329976
3700217329549
3700217329181
3700217328382
3700217328375
3700217328368
3700217328351
3700217328344
3700217328337
3700217328320
3700217328313
3700217320126
3467452022948
3467452019870
3467452018958
3467452012864
3467452012727
3467452005866
3467452004272
3467452002629
3467452001639
3380743028064
3380743023939
3380743010694
3380743010175
3380743009148
3380740030442
3296580389902
3296580389452
3296580389407
3296580388905
3296580376452
3280250026402
3280250009825
3280250009726
3280250009665
3280250009603
3280250006657
3280250006404
3280250006299
3280250004998
3280250002338
3273498355601
3273498345558
3273498335559
3032165001643
3032165001421
3032164441174
3032160402568
1000001390086
887961030037
887961005141
887961005110
887961005097
885561210316
883028895496
883028847525
883028814732
883028681570
856223004352
851911003020
851911003013
850954004735
850954004728
850954004704
850954004445
850954004391
850954004346
850954004315
850954004308
850954004117
850954004087
850954004063
847268000607
845423013516
845423013509
845423013448
845423008369
845423003272
845423003166
845423002978
845218007492
837654824986
837654824979
837654824955
837654824887
837654824870
816733840253
816733640181
816733640105
816733340326
816733002262
810690021175
810690021168
810690021106
810690021090
810690021083
810690020987
810690020963
810294021120
810294021106
810294021090
810294021069
808446011471
808446010641
808446002981
801452502445
796714542270
796714542263
796714279138
796714279121
796714276069
796714275505
796714270715
796714270531
795861139098
795861139074
795861139067
795861139050
795861138619
795861138527
792189571302
778988828892
755553950011
755553631897
755553630715
749266115409
749266048868
746775382568
746775360276
746775336011
746775322588
746775322571
746775320553
746775307721
746775307707
746775307660
746775297916
746775297886
746775295721
746775183899
733538811397
733538705498
714832400425
714832400289
714832000519
714832000502
708431382459
708431320253
708431226111
708431214019
708431214002
708431213401
708431213357
708431213111
708431212428
708431212190
708431205604
708431192294
708431191594
681326167129
681326151043
681326151029
678352755079
677869104226
673534553016
673534552514
673534552019
673534551012
673534522210
673534521312
673534519210
673534506418
673534233536
673534233529
663350057416
663350054903
663350054897
661732791613
661732791606
661732791538
661732733842
661732733828
661732733798
661732733743
661732733736
661732733668
661732733613
661148494450
661148479020
661148477385
661148442482
661148332585
658382760861
658382760847
658382760809
658382760779
638241210065
630996681589
630996680155
630996680087
628845018334
628845018037
628845018013
628845017061
628845016484
628845016477
628845016286
628845016255
628845016248
628845016125
628845016118
628845016026
628845016019
628845014794
628845014787
628845014770
628845014763
628845008694
628845006195
628845006102
628845006096
628845006065
628845006041
628845006034
628845006010
628845002104
628845002074
628845002050
614239028713
87876514466
84495822538
82686525718
82686353021
78257589241
78257584857
78257584208
78257574209
74299558658
74299558450
71662993405
71662120603
71662120009
71662098520
71662086350
71662048730
65541106024
65541106017
50743171642
50743171598
45672634771
45672318947
45672310422
45672310415
45672310330
45672305411
42499180139
42499180115
42499150774
42499150484
42499150477
42499150460
42499021623
42499021609
42499020879
42499020633
42385980119
42385979861
42385979854
39897774565
39897738208
39897663210
39897516639
39897516530
32884180332
32884175444
32884174164
32884150663
32884148325
21664363270
16751999654
16751999647
16751999562
16751999548
16751967820
16751620848
16751320144
16751216201
16751026763
11543803133
11543554509
11543395218
11543346999
11543346982
11543346920
11543346104
11543346012
11543334569
11543300403
9003150847250
8001444448818
8001444448719
8000796872463
6957313901101
6953365387696
6953365382813
6953365382127
6953365363157
6001186197564
5702015129039
5702015128797
5702015128780
5702015125703
5702015125697
5702015125321
5702015125154
5702015124676
5702015124607
5702015123853
5702015123846
5702015123839
5702015122559
5702015122481
5702015122146
5702015122115
5702015122108
5702015122092
5702015122085
5702015122047
5702015122030
5702015120876
5702015120715
5702015120692
5702015119474
5702015119443
5702015119412
5702015115643
5702015115582
5702015115469
5702015115247
5702015114639
5702015094054
5702015094047
5702015094023
5702014975323
5702014974838
5702014973916
5702014973206
5203068500405
5060121247857
5010994705947
5010994699673
5010994658106
5010994616441
4972825145456
4972825144817
3467452019818
885561210354
845423010744
746775192167
744476724625
8421134855014
8421134855007
5010994689667
5010994630812
4893156045454
4891813859390
4891813846680
4716609750043
872354007512
856223004246
847268003615
847268002427
796714540184
796714270289
796714270135
792189571500
792189565455
778988062357
771171108214
746775320522
733538836499
708431390416
708431211148
708431191723
708431191457
678352756892
678352751422
630996680797
74299756764
69545300044
43377922216
39897451800